(kicad_pcb (version 20171130) (host pcbnew "(5.1.2)-2")

  (general
    (thickness 1.6)
    (drawings 29)
    (tracks 611)
    (zones 0)
    (modules 79)
    (nets 109)
  )

  (page A4)
  (layers
    (0 F.Cu signal)
    (31 B.Cu signal)
    (32 B.Adhes user)
    (33 F.Adhes user)
    (34 B.Paste user)
    (35 F.Paste user)
    (36 B.SilkS user)
    (37 F.SilkS user)
    (38 B.Mask user)
    (39 F.Mask user)
    (40 Dwgs.User user)
    (41 Cmts.User user)
    (42 Eco1.User user)
    (43 Eco2.User user)
    (44 Edge.Cuts user)
    (45 Margin user)
    (46 B.CrtYd user)
    (47 F.CrtYd user)
    (48 B.Fab user)
    (49 F.Fab user)
  )

  (setup
    (last_trace_width 0.2)
    (user_trace_width 0.5)
    (user_trace_width 1)
    (trace_clearance 0.127)
    (zone_clearance 0.508)
    (zone_45_only no)
    (trace_min 0.2)
    (via_size 0.6)
    (via_drill 0.4)
    (via_min_size 0.4)
    (via_min_drill 0.3)
    (user_via 1 0.66)
    (uvia_size 0.3)
    (uvia_drill 0.1)
    (uvias_allowed no)
    (uvia_min_size 0.2)
    (uvia_min_drill 0.1)
    (edge_width 0.05)
    (segment_width 0.2)
    (pcb_text_width 0.3)
    (pcb_text_size 1.5 1.5)
    (mod_edge_width 0.12)
    (mod_text_size 1 1)
    (mod_text_width 0.15)
    (pad_size 1.524 1.524)
    (pad_drill 0.762)
    (pad_to_mask_clearance 0.051)
    (solder_mask_min_width 0.25)
    (aux_axis_origin 0 0)
    (visible_elements 7FFFFFFF)
    (pcbplotparams
      (layerselection 0x010fc_ffffffff)
      (usegerberextensions false)
      (usegerberattributes false)
      (usegerberadvancedattributes false)
      (creategerberjobfile false)
      (excludeedgelayer true)
      (linewidth 0.100000)
      (plotframeref false)
      (viasonmask false)
      (mode 1)
      (useauxorigin false)
      (hpglpennumber 1)
      (hpglpenspeed 20)
      (hpglpendiameter 15.000000)
      (psnegative false)
      (psa4output false)
      (plotreference true)
      (plotvalue true)
      (plotinvisibletext false)
      (padsonsilk false)
      (subtractmaskfromsilk false)
      (outputformat 1)
      (mirror false)
      (drillshape 0)
      (scaleselection 1)
      (outputdirectory "../RMTS Rev 1_2b Gerber/"))
  )

  (net 0 "")
  (net 1 GND)
  (net 2 /VBUS)
  (net 3 +3V3)
  (net 4 "Net-(C10-Pad2)")
  (net 5 "Net-(C4-Pad1)")
  (net 6 "Net-(C7-Pad1)")
  (net 7 "Net-(C10-Pad1)")
  (net 8 "Net-(D1-Pad1)")
  (net 9 "Net-(D2-Pad1)")
  (net 10 "Net-(J1-Pad2)")
  (net 11 "Net-(J1-Pad3)")
  (net 12 /RST)
  (net 13 /PTA3)
  (net 14 /PTA2)
  (net 15 /PTA1)
  (net 16 /PTA0)
  (net 17 "Net-(J3-Pad3)")
  (net 18 /SD_CS)
  (net 19 /SD_DI)
  (net 20 /SD_DO)
  (net 21 /SD_CLK)
  (net 22 /DIN)
  (net 23 /DOUT)
  (net 24 "Net-(JP1-Pad4)")
  (net 25 "Net-(JP1-Pad5)")
  (net 26 "Net-(JP1-Pad6)")
  (net 27 "Net-(JP1-Pad7)")
  (net 28 "Net-(JP1-Pad8)")
  (net 29 "Net-(JP1-Pad9)")
  (net 30 "Net-(JP1-Pad11)")
  (net 31 "Net-(JP1-Pad12)")
  (net 32 "Net-(JP1-Pad13)")
  (net 33 "Net-(JP1-Pad14)")
  (net 34 "Net-(JP1-Pad15)")
  (net 35 "Net-(JP1-Pad16)")
  (net 36 "Net-(JP1-Pad17)")
  (net 37 "Net-(JP1-Pad18)")
  (net 38 "Net-(JP1-Pad19)")
  (net 39 "Net-(JP1-Pad20)")
  (net 40 "Net-(L1-Pad1)")
  (net 41 /Fire)
  (net 42 /USBP)
  (net 43 /USBM)
  (net 44 /ASCL)
  (net 45 /LC0)
  (net 46 /ASDA)
  (net 47 /ADRDY)
  (net 48 "Net-(U2-Pad2)")
  (net 49 "Net-(U2-Pad8)")
  (net 50 "Net-(U2-Pad9)")
  (net 51 "Net-(U2-Pad10)")
  (net 52 "Net-(U2-Pad11)")
  (net 53 "Net-(U2-Pad12)")
  (net 54 "Net-(U2-Pad18)")
  (net 55 "Net-(U2-Pad19)")
  (net 56 "Net-(U2-Pad20)")
  (net 57 "Net-(U2-Pad26)")
  (net 58 "Net-(U2-Pad27)")
  (net 59 "Net-(U2-Pad28)")
  (net 60 "Net-(U2-Pad29)")
  (net 61 "Net-(U2-Pad41)")
  (net 62 "Net-(U2-Pad42)")
  (net 63 "Net-(U2-Pad43)")
  (net 64 "Net-(U2-Pad44)")
  (net 65 "Net-(U2-Pad45)")
  (net 66 "Net-(U2-Pad46)")
  (net 67 "Net-(U2-Pad54)")
  (net 68 "Net-(U2-Pad55)")
  (net 69 "Net-(U2-Pad56)")
  (net 70 "Net-(U2-Pad57)")
  (net 71 "Net-(U2-Pad58)")
  (net 72 "Net-(U2-Pad59)")
  (net 73 "Net-(U2-Pad60)")
  (net 74 "Net-(U2-Pad61)")
  (net 75 "Net-(U2-Pad62)")
  (net 76 "Net-(U3-Pad6)")
  (net 77 /AMP_EN)
  (net 78 "Net-(D1-Pad2)")
  (net 79 /XTAL1)
  (net 80 /XTAL2)
  (net 81 "Net-(J7-Pad9)")
  (net 82 "Net-(J7-Pad8)")
  (net 83 "Net-(J7-Pad1)")
  (net 84 "Net-(J7-Pad10)")
  (net 85 "Net-(D3-Pad1)")
  (net 86 "Net-(C17-Pad2)")
  (net 87 "Net-(C17-Pad1)")
  (net 88 /CONT)
  (net 89 "Net-(J1-Pad4)")
  (net 90 "Net-(R5-Pad2)")
  (net 91 "Net-(D4-Pad4)")
  (net 92 "Net-(D4-Pad3)")
  (net 93 "Net-(D4-Pad2)")
  (net 94 "Net-(D4-Pad1)")
  (net 95 "Net-(R14-Pad1)")
  (net 96 /EXT_FIRE)
  (net 97 "Net-(D5-Pad1)")
  (net 98 "Net-(D6-Pad2)")
  (net 99 "Net-(D6-Pad1)")
  (net 100 "Net-(D3-Pad2)")
  (net 101 "Net-(J9-Pad1)")
  (net 102 "Net-(J10-Pad2)")
  (net 103 "Net-(J11-Pad2)")
  (net 104 "Net-(J12-Pad2)")
  (net 105 "Net-(Q2-Pad1)")
  (net 106 "Net-(R12-Pad1)")
  (net 107 "Net-(R24-Pad2)")
  (net 108 "Net-(R24-Pad1)")

  (net_class Default "This is the default net class."
    (clearance 0.127)
    (trace_width 0.2)
    (via_dia 0.6)
    (via_drill 0.4)
    (uvia_dia 0.3)
    (uvia_drill 0.1)
    (add_net +3V3)
    (add_net /ADRDY)
    (add_net /AMP_EN)
    (add_net /ASCL)
    (add_net /ASDA)
    (add_net /CONT)
    (add_net /DIN)
    (add_net /DOUT)
    (add_net /EXT_FIRE)
    (add_net /Fire)
    (add_net /LC0)
    (add_net /PTA0)
    (add_net /PTA1)
    (add_net /PTA2)
    (add_net /PTA3)
    (add_net /RST)
    (add_net /SD_CLK)
    (add_net /SD_CS)
    (add_net /SD_DI)
    (add_net /SD_DO)
    (add_net /USBM)
    (add_net /USBP)
    (add_net /VBUS)
    (add_net /XTAL1)
    (add_net /XTAL2)
    (add_net GND)
    (add_net "Net-(C10-Pad1)")
    (add_net "Net-(C10-Pad2)")
    (add_net "Net-(C17-Pad1)")
    (add_net "Net-(C17-Pad2)")
    (add_net "Net-(C4-Pad1)")
    (add_net "Net-(C7-Pad1)")
    (add_net "Net-(D1-Pad1)")
    (add_net "Net-(D1-Pad2)")
    (add_net "Net-(D2-Pad1)")
    (add_net "Net-(D3-Pad1)")
    (add_net "Net-(D3-Pad2)")
    (add_net "Net-(D4-Pad1)")
    (add_net "Net-(D4-Pad2)")
    (add_net "Net-(D4-Pad3)")
    (add_net "Net-(D4-Pad4)")
    (add_net "Net-(D5-Pad1)")
    (add_net "Net-(D6-Pad1)")
    (add_net "Net-(D6-Pad2)")
    (add_net "Net-(J1-Pad2)")
    (add_net "Net-(J1-Pad3)")
    (add_net "Net-(J1-Pad4)")
    (add_net "Net-(J10-Pad2)")
    (add_net "Net-(J11-Pad2)")
    (add_net "Net-(J12-Pad2)")
    (add_net "Net-(J3-Pad3)")
    (add_net "Net-(J7-Pad1)")
    (add_net "Net-(J7-Pad10)")
    (add_net "Net-(J7-Pad8)")
    (add_net "Net-(J7-Pad9)")
    (add_net "Net-(J9-Pad1)")
    (add_net "Net-(JP1-Pad11)")
    (add_net "Net-(JP1-Pad12)")
    (add_net "Net-(JP1-Pad13)")
    (add_net "Net-(JP1-Pad14)")
    (add_net "Net-(JP1-Pad15)")
    (add_net "Net-(JP1-Pad16)")
    (add_net "Net-(JP1-Pad17)")
    (add_net "Net-(JP1-Pad18)")
    (add_net "Net-(JP1-Pad19)")
    (add_net "Net-(JP1-Pad20)")
    (add_net "Net-(JP1-Pad4)")
    (add_net "Net-(JP1-Pad5)")
    (add_net "Net-(JP1-Pad6)")
    (add_net "Net-(JP1-Pad7)")
    (add_net "Net-(JP1-Pad8)")
    (add_net "Net-(JP1-Pad9)")
    (add_net "Net-(L1-Pad1)")
    (add_net "Net-(Q2-Pad1)")
    (add_net "Net-(R12-Pad1)")
    (add_net "Net-(R14-Pad1)")
    (add_net "Net-(R24-Pad1)")
    (add_net "Net-(R24-Pad2)")
    (add_net "Net-(R5-Pad2)")
    (add_net "Net-(U2-Pad10)")
    (add_net "Net-(U2-Pad11)")
    (add_net "Net-(U2-Pad12)")
    (add_net "Net-(U2-Pad18)")
    (add_net "Net-(U2-Pad19)")
    (add_net "Net-(U2-Pad2)")
    (add_net "Net-(U2-Pad20)")
    (add_net "Net-(U2-Pad26)")
    (add_net "Net-(U2-Pad27)")
    (add_net "Net-(U2-Pad28)")
    (add_net "Net-(U2-Pad29)")
    (add_net "Net-(U2-Pad41)")
    (add_net "Net-(U2-Pad42)")
    (add_net "Net-(U2-Pad43)")
    (add_net "Net-(U2-Pad44)")
    (add_net "Net-(U2-Pad45)")
    (add_net "Net-(U2-Pad46)")
    (add_net "Net-(U2-Pad54)")
    (add_net "Net-(U2-Pad55)")
    (add_net "Net-(U2-Pad56)")
    (add_net "Net-(U2-Pad57)")
    (add_net "Net-(U2-Pad58)")
    (add_net "Net-(U2-Pad59)")
    (add_net "Net-(U2-Pad60)")
    (add_net "Net-(U2-Pad61)")
    (add_net "Net-(U2-Pad62)")
    (add_net "Net-(U2-Pad8)")
    (add_net "Net-(U2-Pad9)")
    (add_net "Net-(U3-Pad6)")
  )

  (net_class Power ""
    (clearance 0.2)
    (trace_width 0.4)
    (via_dia 0.6)
    (via_drill 0.4)
    (uvia_dia 0.3)
    (uvia_drill 0.1)
  )

  (module Resistor_SMD:R_0805_2012Metric_Pad1.15x1.40mm_HandSolder (layer F.Cu) (tedit 5B36C52B) (tstamp 5FE82973)
    (at 206.257 90.805 180)
    (descr "Resistor SMD 0805 (2012 Metric), square (rectangular) end terminal, IPC_7351 nominal with elongated pad for handsoldering. (Body size source: https://docs.google.com/spreadsheets/d/1BsfQQcO9C6DZCsRaXUlFlo91Tg2WpOkGARC1WS5S8t0/edit?usp=sharing), generated with kicad-footprint-generator")
    (tags "resistor handsolder")
    (path /600453A9)
    (attr smd)
    (fp_text reference R24 (at 0 -1.65) (layer F.SilkS) hide
      (effects (font (size 1 1) (thickness 0.15)))
    )
    (fp_text value 1k (at 0 1.65) (layer F.Fab)
      (effects (font (size 1 1) (thickness 0.15)))
    )
    (fp_text user %R (at 0 0) (layer F.Fab)
      (effects (font (size 0.5 0.5) (thickness 0.08)))
    )
    (fp_line (start 1.85 0.95) (end -1.85 0.95) (layer F.CrtYd) (width 0.05))
    (fp_line (start 1.85 -0.95) (end 1.85 0.95) (layer F.CrtYd) (width 0.05))
    (fp_line (start -1.85 -0.95) (end 1.85 -0.95) (layer F.CrtYd) (width 0.05))
    (fp_line (start -1.85 0.95) (end -1.85 -0.95) (layer F.CrtYd) (width 0.05))
    (fp_line (start -0.261252 0.71) (end 0.261252 0.71) (layer F.SilkS) (width 0.12))
    (fp_line (start -0.261252 -0.71) (end 0.261252 -0.71) (layer F.SilkS) (width 0.12))
    (fp_line (start 1 0.6) (end -1 0.6) (layer F.Fab) (width 0.1))
    (fp_line (start 1 -0.6) (end 1 0.6) (layer F.Fab) (width 0.1))
    (fp_line (start -1 -0.6) (end 1 -0.6) (layer F.Fab) (width 0.1))
    (fp_line (start -1 0.6) (end -1 -0.6) (layer F.Fab) (width 0.1))
    (pad 2 smd roundrect (at 1.025 0 180) (size 1.15 1.4) (layers F.Cu F.Paste F.Mask) (roundrect_rratio 0.217391)
      (net 107 "Net-(R24-Pad2)"))
    (pad 1 smd roundrect (at -1.025 0 180) (size 1.15 1.4) (layers F.Cu F.Paste F.Mask) (roundrect_rratio 0.217391)
      (net 108 "Net-(R24-Pad1)"))
    (model ${KISYS3DMOD}/Resistor_SMD.3dshapes/R_0805_2012Metric.wrl
      (at (xyz 0 0 0))
      (scale (xyz 1 1 1))
      (rotate (xyz 0 0 0))
    )
  )

  (module Package_TO_SOT_SMD:SOT-23 (layer F.Cu) (tedit 5A02FF57) (tstamp 5FE8116A)
    (at 206.486 97.597)
    (descr "SOT-23, Standard")
    (tags SOT-23)
    (path /5FFB4185)
    (attr smd)
    (fp_text reference U7 (at 0 -2.5) (layer F.SilkS) hide
      (effects (font (size 1 1) (thickness 0.15)))
    )
    (fp_text value LM4040DBZ-2.5 (at 0 2.5) (layer F.Fab)
      (effects (font (size 1 1) (thickness 0.15)))
    )
    (fp_line (start 0.76 1.58) (end -0.7 1.58) (layer F.SilkS) (width 0.12))
    (fp_line (start 0.76 -1.58) (end -1.4 -1.58) (layer F.SilkS) (width 0.12))
    (fp_line (start -1.7 1.75) (end -1.7 -1.75) (layer F.CrtYd) (width 0.05))
    (fp_line (start 1.7 1.75) (end -1.7 1.75) (layer F.CrtYd) (width 0.05))
    (fp_line (start 1.7 -1.75) (end 1.7 1.75) (layer F.CrtYd) (width 0.05))
    (fp_line (start -1.7 -1.75) (end 1.7 -1.75) (layer F.CrtYd) (width 0.05))
    (fp_line (start 0.76 -1.58) (end 0.76 -0.65) (layer F.SilkS) (width 0.12))
    (fp_line (start 0.76 1.58) (end 0.76 0.65) (layer F.SilkS) (width 0.12))
    (fp_line (start -0.7 1.52) (end 0.7 1.52) (layer F.Fab) (width 0.1))
    (fp_line (start 0.7 -1.52) (end 0.7 1.52) (layer F.Fab) (width 0.1))
    (fp_line (start -0.7 -0.95) (end -0.15 -1.52) (layer F.Fab) (width 0.1))
    (fp_line (start -0.15 -1.52) (end 0.7 -1.52) (layer F.Fab) (width 0.1))
    (fp_line (start -0.7 -0.95) (end -0.7 1.5) (layer F.Fab) (width 0.1))
    (fp_text user %R (at 0 0 90) (layer F.Fab)
      (effects (font (size 0.5 0.5) (thickness 0.075)))
    )
    (pad 3 smd rect (at 1 0) (size 0.9 0.8) (layers F.Cu F.Paste F.Mask))
    (pad 2 smd rect (at -1 0.95) (size 0.9 0.8) (layers F.Cu F.Paste F.Mask)
      (net 1 GND))
    (pad 1 smd rect (at -1 -0.95) (size 0.9 0.8) (layers F.Cu F.Paste F.Mask)
      (net 107 "Net-(R24-Pad2)"))
    (model ${KISYS3DMOD}/Package_TO_SOT_SMD.3dshapes/SOT-23.wrl
      (at (xyz 0 0 0))
      (scale (xyz 1 1 1))
      (rotate (xyz 0 0 0))
    )
  )

  (module Resistor_SMD:R_0805_2012Metric_Pad1.15x1.40mm_HandSolder (layer F.Cu) (tedit 5B36C52B) (tstamp 5FE80F05)
    (at 206.257 92.837)
    (descr "Resistor SMD 0805 (2012 Metric), square (rectangular) end terminal, IPC_7351 nominal with elongated pad for handsoldering. (Body size source: https://docs.google.com/spreadsheets/d/1BsfQQcO9C6DZCsRaXUlFlo91Tg2WpOkGARC1WS5S8t0/edit?usp=sharing), generated with kicad-footprint-generator")
    (tags "resistor handsolder")
    (path /5FF22571)
    (attr smd)
    (fp_text reference R25 (at 0 -1.65) (layer F.SilkS) hide
      (effects (font (size 1 1) (thickness 0.15)))
    )
    (fp_text value 1k (at 0 1.65) (layer F.Fab)
      (effects (font (size 1 1) (thickness 0.15)))
    )
    (fp_text user %R (at 0 0) (layer F.Fab)
      (effects (font (size 0.5 0.5) (thickness 0.08)))
    )
    (fp_line (start 1.85 0.95) (end -1.85 0.95) (layer F.CrtYd) (width 0.05))
    (fp_line (start 1.85 -0.95) (end 1.85 0.95) (layer F.CrtYd) (width 0.05))
    (fp_line (start -1.85 -0.95) (end 1.85 -0.95) (layer F.CrtYd) (width 0.05))
    (fp_line (start -1.85 0.95) (end -1.85 -0.95) (layer F.CrtYd) (width 0.05))
    (fp_line (start -0.261252 0.71) (end 0.261252 0.71) (layer F.SilkS) (width 0.12))
    (fp_line (start -0.261252 -0.71) (end 0.261252 -0.71) (layer F.SilkS) (width 0.12))
    (fp_line (start 1 0.6) (end -1 0.6) (layer F.Fab) (width 0.1))
    (fp_line (start 1 -0.6) (end 1 0.6) (layer F.Fab) (width 0.1))
    (fp_line (start -1 -0.6) (end 1 -0.6) (layer F.Fab) (width 0.1))
    (fp_line (start -1 0.6) (end -1 -0.6) (layer F.Fab) (width 0.1))
    (pad 2 smd roundrect (at 1.025 0) (size 1.15 1.4) (layers F.Cu F.Paste F.Mask) (roundrect_rratio 0.217391)
      (net 107 "Net-(R24-Pad2)"))
    (pad 1 smd roundrect (at -1.025 0) (size 1.15 1.4) (layers F.Cu F.Paste F.Mask) (roundrect_rratio 0.217391)
      (net 2 /VBUS))
    (model ${KISYS3DMOD}/Resistor_SMD.3dshapes/R_0805_2012Metric.wrl
      (at (xyz 0 0 0))
      (scale (xyz 1 1 1))
      (rotate (xyz 0 0 0))
    )
  )

  (module Capacitor_SMD:C_0805_2012Metric_Pad1.15x1.40mm_HandSolder (layer F.Cu) (tedit 5B36C52B) (tstamp 5FE80730)
    (at 198.501 92.846 90)
    (descr "Capacitor SMD 0805 (2012 Metric), square (rectangular) end terminal, IPC_7351 nominal with elongated pad for handsoldering. (Body size source: https://docs.google.com/spreadsheets/d/1BsfQQcO9C6DZCsRaXUlFlo91Tg2WpOkGARC1WS5S8t0/edit?usp=sharing), generated with kicad-footprint-generator")
    (tags "capacitor handsolder")
    (path /5FF42F16)
    (attr smd)
    (fp_text reference C19 (at 0 -1.65 90) (layer F.SilkS) hide
      (effects (font (size 1 1) (thickness 0.15)))
    )
    (fp_text value 4.7uF (at 0 1.65 90) (layer F.Fab)
      (effects (font (size 1 1) (thickness 0.15)))
    )
    (fp_text user %R (at 0 0 90) (layer F.Fab)
      (effects (font (size 0.5 0.5) (thickness 0.08)))
    )
    (fp_line (start 1.85 0.95) (end -1.85 0.95) (layer F.CrtYd) (width 0.05))
    (fp_line (start 1.85 -0.95) (end 1.85 0.95) (layer F.CrtYd) (width 0.05))
    (fp_line (start -1.85 -0.95) (end 1.85 -0.95) (layer F.CrtYd) (width 0.05))
    (fp_line (start -1.85 0.95) (end -1.85 -0.95) (layer F.CrtYd) (width 0.05))
    (fp_line (start -0.261252 0.71) (end 0.261252 0.71) (layer F.SilkS) (width 0.12))
    (fp_line (start -0.261252 -0.71) (end 0.261252 -0.71) (layer F.SilkS) (width 0.12))
    (fp_line (start 1 0.6) (end -1 0.6) (layer F.Fab) (width 0.1))
    (fp_line (start 1 -0.6) (end 1 0.6) (layer F.Fab) (width 0.1))
    (fp_line (start -1 -0.6) (end 1 -0.6) (layer F.Fab) (width 0.1))
    (fp_line (start -1 0.6) (end -1 -0.6) (layer F.Fab) (width 0.1))
    (pad 2 smd roundrect (at 1.025 0 90) (size 1.15 1.4) (layers F.Cu F.Paste F.Mask) (roundrect_rratio 0.217391)
      (net 1 GND))
    (pad 1 smd roundrect (at -1.025 0 90) (size 1.15 1.4) (layers F.Cu F.Paste F.Mask) (roundrect_rratio 0.217391)
      (net 2 /VBUS))
    (model ${KISYS3DMOD}/Capacitor_SMD.3dshapes/C_0805_2012Metric.wrl
      (at (xyz 0 0 0))
      (scale (xyz 1 1 1))
      (rotate (xyz 0 0 0))
    )
  )

  (module Resistor_SMD:R_0805_2012Metric_Pad1.15x1.40mm_HandSolder (layer F.Cu) (tedit 5B36C52B) (tstamp 5F62C4B6)
    (at 149.225 101.219)
    (descr "Resistor SMD 0805 (2012 Metric), square (rectangular) end terminal, IPC_7351 nominal with elongated pad for handsoldering. (Body size source: https://docs.google.com/spreadsheets/d/1BsfQQcO9C6DZCsRaXUlFlo91Tg2WpOkGARC1WS5S8t0/edit?usp=sharing), generated with kicad-footprint-generator")
    (tags "resistor handsolder")
    (path /5F7AEB70)
    (attr smd)
    (fp_text reference R23 (at 0 -1.65) (layer F.SilkS) hide
      (effects (font (size 1 1) (thickness 0.15)))
    )
    (fp_text value 500 (at 0 1.65) (layer F.Fab)
      (effects (font (size 1 1) (thickness 0.15)))
    )
    (fp_line (start -1 0.6) (end -1 -0.6) (layer F.Fab) (width 0.1))
    (fp_line (start -1 -0.6) (end 1 -0.6) (layer F.Fab) (width 0.1))
    (fp_line (start 1 -0.6) (end 1 0.6) (layer F.Fab) (width 0.1))
    (fp_line (start 1 0.6) (end -1 0.6) (layer F.Fab) (width 0.1))
    (fp_line (start -0.261252 -0.71) (end 0.261252 -0.71) (layer F.SilkS) (width 0.12))
    (fp_line (start -0.261252 0.71) (end 0.261252 0.71) (layer F.SilkS) (width 0.12))
    (fp_line (start -1.85 0.95) (end -1.85 -0.95) (layer F.CrtYd) (width 0.05))
    (fp_line (start -1.85 -0.95) (end 1.85 -0.95) (layer F.CrtYd) (width 0.05))
    (fp_line (start 1.85 -0.95) (end 1.85 0.95) (layer F.CrtYd) (width 0.05))
    (fp_line (start 1.85 0.95) (end -1.85 0.95) (layer F.CrtYd) (width 0.05))
    (fp_text user %R (at 0 0) (layer F.Fab)
      (effects (font (size 0.5 0.5) (thickness 0.08)))
    )
    (pad 1 smd roundrect (at -1.025 0) (size 1.15 1.4) (layers F.Cu F.Paste F.Mask) (roundrect_rratio 0.217391)
      (net 102 "Net-(J10-Pad2)"))
    (pad 2 smd roundrect (at 1.025 0) (size 1.15 1.4) (layers F.Cu F.Paste F.Mask) (roundrect_rratio 0.217391)
      (net 1 GND))
    (model ${KISYS3DMOD}/Resistor_SMD.3dshapes/R_0805_2012Metric.wrl
      (at (xyz 0 0 0))
      (scale (xyz 1 1 1))
      (rotate (xyz 0 0 0))
    )
  )

  (module Resistor_SMD:R_0805_2012Metric_Pad1.15x1.40mm_HandSolder (layer F.Cu) (tedit 5B36C52B) (tstamp 5F62C4A5)
    (at 142.739 101.219)
    (descr "Resistor SMD 0805 (2012 Metric), square (rectangular) end terminal, IPC_7351 nominal with elongated pad for handsoldering. (Body size source: https://docs.google.com/spreadsheets/d/1BsfQQcO9C6DZCsRaXUlFlo91Tg2WpOkGARC1WS5S8t0/edit?usp=sharing), generated with kicad-footprint-generator")
    (tags "resistor handsolder")
    (path /5F8D215F)
    (attr smd)
    (fp_text reference R22 (at 0 -1.65) (layer F.SilkS) hide
      (effects (font (size 1 1) (thickness 0.15)))
    )
    (fp_text value 500 (at 0 1.65) (layer F.Fab)
      (effects (font (size 1 1) (thickness 0.15)))
    )
    (fp_line (start -1 0.6) (end -1 -0.6) (layer F.Fab) (width 0.1))
    (fp_line (start -1 -0.6) (end 1 -0.6) (layer F.Fab) (width 0.1))
    (fp_line (start 1 -0.6) (end 1 0.6) (layer F.Fab) (width 0.1))
    (fp_line (start 1 0.6) (end -1 0.6) (layer F.Fab) (width 0.1))
    (fp_line (start -0.261252 -0.71) (end 0.261252 -0.71) (layer F.SilkS) (width 0.12))
    (fp_line (start -0.261252 0.71) (end 0.261252 0.71) (layer F.SilkS) (width 0.12))
    (fp_line (start -1.85 0.95) (end -1.85 -0.95) (layer F.CrtYd) (width 0.05))
    (fp_line (start -1.85 -0.95) (end 1.85 -0.95) (layer F.CrtYd) (width 0.05))
    (fp_line (start 1.85 -0.95) (end 1.85 0.95) (layer F.CrtYd) (width 0.05))
    (fp_line (start 1.85 0.95) (end -1.85 0.95) (layer F.CrtYd) (width 0.05))
    (fp_text user %R (at 0 0) (layer F.Fab)
      (effects (font (size 0.5 0.5) (thickness 0.08)))
    )
    (pad 1 smd roundrect (at -1.025 0) (size 1.15 1.4) (layers F.Cu F.Paste F.Mask) (roundrect_rratio 0.217391)
      (net 101 "Net-(J9-Pad1)"))
    (pad 2 smd roundrect (at 1.025 0) (size 1.15 1.4) (layers F.Cu F.Paste F.Mask) (roundrect_rratio 0.217391)
      (net 85 "Net-(D3-Pad1)"))
    (model ${KISYS3DMOD}/Resistor_SMD.3dshapes/R_0805_2012Metric.wrl
      (at (xyz 0 0 0))
      (scale (xyz 1 1 1))
      (rotate (xyz 0 0 0))
    )
  )

  (module Resistor_SMD:R_0805_2012Metric_Pad1.15x1.40mm_HandSolder (layer F.Cu) (tedit 5B36C52B) (tstamp 5F62C494)
    (at 149.86 84.972 270)
    (descr "Resistor SMD 0805 (2012 Metric), square (rectangular) end terminal, IPC_7351 nominal with elongated pad for handsoldering. (Body size source: https://docs.google.com/spreadsheets/d/1BsfQQcO9C6DZCsRaXUlFlo91Tg2WpOkGARC1WS5S8t0/edit?usp=sharing), generated with kicad-footprint-generator")
    (tags "resistor handsolder")
    (path /5FA8594F)
    (attr smd)
    (fp_text reference R21 (at 0 -1.65 90) (layer F.SilkS) hide
      (effects (font (size 1 1) (thickness 0.15)))
    )
    (fp_text value 500 (at 0 1.65 90) (layer F.Fab)
      (effects (font (size 1 1) (thickness 0.15)))
    )
    (fp_line (start -1 0.6) (end -1 -0.6) (layer F.Fab) (width 0.1))
    (fp_line (start -1 -0.6) (end 1 -0.6) (layer F.Fab) (width 0.1))
    (fp_line (start 1 -0.6) (end 1 0.6) (layer F.Fab) (width 0.1))
    (fp_line (start 1 0.6) (end -1 0.6) (layer F.Fab) (width 0.1))
    (fp_line (start -0.261252 -0.71) (end 0.261252 -0.71) (layer F.SilkS) (width 0.12))
    (fp_line (start -0.261252 0.71) (end 0.261252 0.71) (layer F.SilkS) (width 0.12))
    (fp_line (start -1.85 0.95) (end -1.85 -0.95) (layer F.CrtYd) (width 0.05))
    (fp_line (start -1.85 -0.95) (end 1.85 -0.95) (layer F.CrtYd) (width 0.05))
    (fp_line (start 1.85 -0.95) (end 1.85 0.95) (layer F.CrtYd) (width 0.05))
    (fp_line (start 1.85 0.95) (end -1.85 0.95) (layer F.CrtYd) (width 0.05))
    (fp_text user %R (at 0 0 90) (layer F.Fab)
      (effects (font (size 0.5 0.5) (thickness 0.08)))
    )
    (pad 1 smd roundrect (at -1.025 0 270) (size 1.15 1.4) (layers F.Cu F.Paste F.Mask) (roundrect_rratio 0.217391)
      (net 104 "Net-(J12-Pad2)"))
    (pad 2 smd roundrect (at 1.025 0 270) (size 1.15 1.4) (layers F.Cu F.Paste F.Mask) (roundrect_rratio 0.217391)
      (net 1 GND))
    (model ${KISYS3DMOD}/Resistor_SMD.3dshapes/R_0805_2012Metric.wrl
      (at (xyz 0 0 0))
      (scale (xyz 1 1 1))
      (rotate (xyz 0 0 0))
    )
  )

  (module Resistor_SMD:R_0805_2012Metric_Pad1.15x1.40mm_HandSolder (layer F.Cu) (tedit 5B36C52B) (tstamp 5F62C483)
    (at 156.464 83.575 90)
    (descr "Resistor SMD 0805 (2012 Metric), square (rectangular) end terminal, IPC_7351 nominal with elongated pad for handsoldering. (Body size source: https://docs.google.com/spreadsheets/d/1BsfQQcO9C6DZCsRaXUlFlo91Tg2WpOkGARC1WS5S8t0/edit?usp=sharing), generated with kicad-footprint-generator")
    (tags "resistor handsolder")
    (path /5F9D0D1A)
    (attr smd)
    (fp_text reference R20 (at 0 -1.65 90) (layer F.SilkS) hide
      (effects (font (size 1 1) (thickness 0.15)))
    )
    (fp_text value 1k (at 0 1.65 90) (layer F.Fab)
      (effects (font (size 1 1) (thickness 0.15)))
    )
    (fp_line (start -1 0.6) (end -1 -0.6) (layer F.Fab) (width 0.1))
    (fp_line (start -1 -0.6) (end 1 -0.6) (layer F.Fab) (width 0.1))
    (fp_line (start 1 -0.6) (end 1 0.6) (layer F.Fab) (width 0.1))
    (fp_line (start 1 0.6) (end -1 0.6) (layer F.Fab) (width 0.1))
    (fp_line (start -0.261252 -0.71) (end 0.261252 -0.71) (layer F.SilkS) (width 0.12))
    (fp_line (start -0.261252 0.71) (end 0.261252 0.71) (layer F.SilkS) (width 0.12))
    (fp_line (start -1.85 0.95) (end -1.85 -0.95) (layer F.CrtYd) (width 0.05))
    (fp_line (start -1.85 -0.95) (end 1.85 -0.95) (layer F.CrtYd) (width 0.05))
    (fp_line (start 1.85 -0.95) (end 1.85 0.95) (layer F.CrtYd) (width 0.05))
    (fp_line (start 1.85 0.95) (end -1.85 0.95) (layer F.CrtYd) (width 0.05))
    (fp_text user %R (at 0 0 90) (layer F.Fab)
      (effects (font (size 0.5 0.5) (thickness 0.08)))
    )
    (pad 1 smd roundrect (at -1.025 0 90) (size 1.15 1.4) (layers F.Cu F.Paste F.Mask) (roundrect_rratio 0.217391)
      (net 105 "Net-(Q2-Pad1)"))
    (pad 2 smd roundrect (at 1.025 0 90) (size 1.15 1.4) (layers F.Cu F.Paste F.Mask) (roundrect_rratio 0.217391)
      (net 1 GND))
    (model ${KISYS3DMOD}/Resistor_SMD.3dshapes/R_0805_2012Metric.wrl
      (at (xyz 0 0 0))
      (scale (xyz 1 1 1))
      (rotate (xyz 0 0 0))
    )
  )

  (module Resistor_SMD:R_0805_2012Metric_Pad1.15x1.40mm_HandSolder (layer F.Cu) (tedit 5B36C52B) (tstamp 5F632DCF)
    (at 145.533 73.025)
    (descr "Resistor SMD 0805 (2012 Metric), square (rectangular) end terminal, IPC_7351 nominal with elongated pad for handsoldering. (Body size source: https://docs.google.com/spreadsheets/d/1BsfQQcO9C6DZCsRaXUlFlo91Tg2WpOkGARC1WS5S8t0/edit?usp=sharing), generated with kicad-footprint-generator")
    (tags "resistor handsolder")
    (path /5F941A50)
    (attr smd)
    (fp_text reference R19 (at 0 -1.65) (layer F.SilkS) hide
      (effects (font (size 1 1) (thickness 0.15)))
    )
    (fp_text value 500 (at 0 1.65) (layer F.Fab)
      (effects (font (size 1 1) (thickness 0.15)))
    )
    (fp_line (start -1 0.6) (end -1 -0.6) (layer F.Fab) (width 0.1))
    (fp_line (start -1 -0.6) (end 1 -0.6) (layer F.Fab) (width 0.1))
    (fp_line (start 1 -0.6) (end 1 0.6) (layer F.Fab) (width 0.1))
    (fp_line (start 1 0.6) (end -1 0.6) (layer F.Fab) (width 0.1))
    (fp_line (start -0.261252 -0.71) (end 0.261252 -0.71) (layer F.SilkS) (width 0.12))
    (fp_line (start -0.261252 0.71) (end 0.261252 0.71) (layer F.SilkS) (width 0.12))
    (fp_line (start -1.85 0.95) (end -1.85 -0.95) (layer F.CrtYd) (width 0.05))
    (fp_line (start -1.85 -0.95) (end 1.85 -0.95) (layer F.CrtYd) (width 0.05))
    (fp_line (start 1.85 -0.95) (end 1.85 0.95) (layer F.CrtYd) (width 0.05))
    (fp_line (start 1.85 0.95) (end -1.85 0.95) (layer F.CrtYd) (width 0.05))
    (fp_text user %R (at 0 0) (layer F.Fab)
      (effects (font (size 0.5 0.5) (thickness 0.08)))
    )
    (pad 1 smd roundrect (at -1.025 0) (size 1.15 1.4) (layers F.Cu F.Paste F.Mask) (roundrect_rratio 0.217391)
      (net 103 "Net-(J11-Pad2)"))
    (pad 2 smd roundrect (at 1.025 0) (size 1.15 1.4) (layers F.Cu F.Paste F.Mask) (roundrect_rratio 0.217391)
      (net 1 GND))
    (model ${KISYS3DMOD}/Resistor_SMD.3dshapes/R_0805_2012Metric.wrl
      (at (xyz 0 0 0))
      (scale (xyz 1 1 1))
      (rotate (xyz 0 0 0))
    )
  )

  (module Package_TO_SOT_SMD:SOT-23 (layer F.Cu) (tedit 5A02FF57) (tstamp 5F62C221)
    (at 153.305 83.566 180)
    (descr "SOT-23, Standard")
    (tags SOT-23)
    (path /5F9CD0F5)
    (attr smd)
    (fp_text reference Q2 (at 0 -2.5) (layer F.SilkS) hide
      (effects (font (size 1 1) (thickness 0.15)))
    )
    (fp_text value PMV20ENR (at 0 2.5) (layer F.Fab)
      (effects (font (size 1 1) (thickness 0.15)))
    )
    (fp_text user %R (at 0 0 90) (layer F.Fab)
      (effects (font (size 0.5 0.5) (thickness 0.075)))
    )
    (fp_line (start -0.7 -0.95) (end -0.7 1.5) (layer F.Fab) (width 0.1))
    (fp_line (start -0.15 -1.52) (end 0.7 -1.52) (layer F.Fab) (width 0.1))
    (fp_line (start -0.7 -0.95) (end -0.15 -1.52) (layer F.Fab) (width 0.1))
    (fp_line (start 0.7 -1.52) (end 0.7 1.52) (layer F.Fab) (width 0.1))
    (fp_line (start -0.7 1.52) (end 0.7 1.52) (layer F.Fab) (width 0.1))
    (fp_line (start 0.76 1.58) (end 0.76 0.65) (layer F.SilkS) (width 0.12))
    (fp_line (start 0.76 -1.58) (end 0.76 -0.65) (layer F.SilkS) (width 0.12))
    (fp_line (start -1.7 -1.75) (end 1.7 -1.75) (layer F.CrtYd) (width 0.05))
    (fp_line (start 1.7 -1.75) (end 1.7 1.75) (layer F.CrtYd) (width 0.05))
    (fp_line (start 1.7 1.75) (end -1.7 1.75) (layer F.CrtYd) (width 0.05))
    (fp_line (start -1.7 1.75) (end -1.7 -1.75) (layer F.CrtYd) (width 0.05))
    (fp_line (start 0.76 -1.58) (end -1.4 -1.58) (layer F.SilkS) (width 0.12))
    (fp_line (start 0.76 1.58) (end -0.7 1.58) (layer F.SilkS) (width 0.12))
    (pad 1 smd rect (at -1 -0.95 180) (size 0.9 0.8) (layers F.Cu F.Paste F.Mask)
      (net 105 "Net-(Q2-Pad1)"))
    (pad 2 smd rect (at -1 0.95 180) (size 0.9 0.8) (layers F.Cu F.Paste F.Mask)
      (net 98 "Net-(D6-Pad2)"))
    (pad 3 smd rect (at 1 0 180) (size 0.9 0.8) (layers F.Cu F.Paste F.Mask)
      (net 3 +3V3))
    (model ${KISYS3DMOD}/Package_TO_SOT_SMD.3dshapes/SOT-23.wrl
      (at (xyz 0 0 0))
      (scale (xyz 1 1 1))
      (rotate (xyz 0 0 0))
    )
  )

  (module Resistor_SMD:R_0805_2012Metric_Pad1.15x1.40mm_HandSolder (layer F.Cu) (tedit 5B36C52B) (tstamp 5EC8A758)
    (at 142.621 95.631 90)
    (descr "Resistor SMD 0805 (2012 Metric), square (rectangular) end terminal, IPC_7351 nominal with elongated pad for handsoldering. (Body size source: https://docs.google.com/spreadsheets/d/1BsfQQcO9C6DZCsRaXUlFlo91Tg2WpOkGARC1WS5S8t0/edit?usp=sharing), generated with kicad-footprint-generator")
    (tags "resistor handsolder")
    (path /5EC9847F)
    (attr smd)
    (fp_text reference R18 (at 0 -1.65 90) (layer F.SilkS) hide
      (effects (font (size 1 1) (thickness 0.15)))
    )
    (fp_text value 1k (at 0 1.65 90) (layer F.Fab)
      (effects (font (size 1 1) (thickness 0.15)))
    )
    (fp_text user %R (at 0 0 90) (layer F.Fab)
      (effects (font (size 0.5 0.5) (thickness 0.08)))
    )
    (fp_line (start 1.85 0.95) (end -1.85 0.95) (layer F.CrtYd) (width 0.05))
    (fp_line (start 1.85 -0.95) (end 1.85 0.95) (layer F.CrtYd) (width 0.05))
    (fp_line (start -1.85 -0.95) (end 1.85 -0.95) (layer F.CrtYd) (width 0.05))
    (fp_line (start -1.85 0.95) (end -1.85 -0.95) (layer F.CrtYd) (width 0.05))
    (fp_line (start -0.261252 0.71) (end 0.261252 0.71) (layer F.SilkS) (width 0.12))
    (fp_line (start -0.261252 -0.71) (end 0.261252 -0.71) (layer F.SilkS) (width 0.12))
    (fp_line (start 1 0.6) (end -1 0.6) (layer F.Fab) (width 0.1))
    (fp_line (start 1 -0.6) (end 1 0.6) (layer F.Fab) (width 0.1))
    (fp_line (start -1 -0.6) (end 1 -0.6) (layer F.Fab) (width 0.1))
    (fp_line (start -1 0.6) (end -1 -0.6) (layer F.Fab) (width 0.1))
    (pad 2 smd roundrect (at 1.025 0 90) (size 1.15 1.4) (layers F.Cu F.Paste F.Mask) (roundrect_rratio 0.217391)
      (net 1 GND))
    (pad 1 smd roundrect (at -1.025 0 90) (size 1.15 1.4) (layers F.Cu F.Paste F.Mask) (roundrect_rratio 0.217391)
      (net 41 /Fire))
    (model ${KISYS3DMOD}/Resistor_SMD.3dshapes/R_0805_2012Metric.wrl
      (at (xyz 0 0 0))
      (scale (xyz 1 1 1))
      (rotate (xyz 0 0 0))
    )
  )

  (module Logo:logo (layer B.Cu) (tedit 0) (tstamp 5E9D0800)
    (at 189.992 74.93 180)
    (fp_text reference G*** (at 0 0) (layer B.SilkS) hide
      (effects (font (size 1.524 1.524) (thickness 0.3)) (justify mirror))
    )
    (fp_text value LOGO (at 0.75 0) (layer B.SilkS) hide
      (effects (font (size 1.524 1.524) (thickness 0.3)) (justify mirror))
    )
    (fp_poly (pts (xy 10.646834 -2.137833) (xy 10.658416 -2.868083) (xy 10.669999 -3.598333) (xy 9.186334 -3.598333)
      (xy 9.186334 -3.429) (xy 9.355667 -3.429) (xy 10.501124 -3.429) (xy 10.4775 -2.307166)
      (xy 9.916584 -2.295354) (xy 9.355667 -2.283542) (xy 9.355667 -3.429) (xy 9.186334 -3.429)
      (xy 9.186334 -2.114667) (xy 10.646834 -2.137833)) (layer B.SilkS) (width 0.01))
    (fp_poly (pts (xy 3.598334 6.731) (xy 2.370667 6.731) (xy 2.370667 3.259667) (xy 1.524 3.259667)
      (xy 1.524 6.731) (xy 0.296334 6.731) (xy 0.296334 7.408334) (xy 3.598334 7.408334)
      (xy 3.598334 6.731)) (layer B.SilkS) (width 0.01))
    (fp_poly (pts (xy -0.254 3.259667) (xy -1.058333 3.259667) (xy -1.062183 4.836584) (xy -1.066033 6.4135)
      (xy -1.435649 4.953) (xy -1.52249 4.609865) (xy -1.603734 4.288852) (xy -1.676796 4.000176)
      (xy -1.739091 3.754053) (xy -1.788033 3.560696) (xy -1.821038 3.43032) (xy -1.834773 3.376084)
      (xy -1.86428 3.259667) (xy -2.68931 3.259667) (xy -3.090905 4.85775) (xy -3.4925 6.455834)
      (xy -3.503592 4.85775) (xy -3.514685 3.259667) (xy -4.275666 3.259667) (xy -4.275666 7.408334)
      (xy -3.65125 7.408265) (xy -3.026833 7.408197) (xy -2.671277 6.064182) (xy -2.584766 5.738695)
      (xy -2.504151 5.438302) (xy -2.432201 5.173097) (xy -2.371687 4.953177) (xy -2.325377 4.788638)
      (xy -2.296042 4.689577) (xy -2.287548 4.665382) (xy -2.270207 4.69036) (xy -2.234971 4.787783)
      (xy -2.184718 4.948017) (xy -2.12233 5.161429) (xy -2.050685 5.418385) (xy -1.972663 5.709252)
      (xy -1.952217 5.787215) (xy -1.869802 6.102184) (xy -1.791169 6.401324) (xy -1.719758 6.671657)
      (xy -1.659007 6.900206) (xy -1.612356 7.073992) (xy -1.583244 7.180039) (xy -1.581525 7.186084)
      (xy -1.517992 7.408334) (xy -0.254 7.408334) (xy -0.254 3.259667)) (layer B.SilkS) (width 0.01))
    (fp_poly (pts (xy -7.228416 7.397565) (xy -6.826169 7.391345) (xy -6.500763 7.383733) (xy -6.244381 7.37432)
      (xy -6.049202 7.362696) (xy -5.907408 7.348451) (xy -5.811179 7.331174) (xy -5.7785 7.321552)
      (xy -5.58496 7.217004) (xy -5.400079 7.053923) (xy -5.247048 6.857183) (xy -5.149059 6.651661)
      (xy -5.146684 6.64385) (xy -5.086879 6.318721) (xy -5.10206 6.014212) (xy -5.187917 5.739203)
      (xy -5.340137 5.502576) (xy -5.554409 5.313211) (xy -5.826422 5.179989) (xy -5.863166 5.168065)
      (xy -5.983633 5.130818) (xy -6.074221 5.102571) (xy -6.089107 5.097864) (xy -6.091279 5.064643)
      (xy -6.029244 4.993831) (xy -5.933652 4.9122) (xy -5.79754 4.787768) (xy -5.650467 4.627532)
      (xy -5.533328 4.478371) (xy -5.441291 4.344387) (xy -5.330948 4.177884) (xy -5.211241 3.993082)
      (xy -5.091111 3.804198) (xy -4.9795 3.625452) (xy -4.88535 3.471063) (xy -4.817603 3.35525)
      (xy -4.785199 3.29223) (xy -4.783666 3.286267) (xy -4.823207 3.275779) (xy -4.930671 3.26724)
      (xy -5.089319 3.261567) (xy -5.268962 3.259667) (xy -5.754257 3.259667) (xy -6.238863 3.96875)
      (xy -6.394473 4.193279) (xy -6.542405 4.400923) (xy -6.673088 4.578691) (xy -6.776952 4.713593)
      (xy -6.844427 4.792638) (xy -6.849508 4.797643) (xy -7.036116 4.917039) (xy -7.286903 4.981719)
      (xy -7.482416 4.994324) (xy -7.662333 4.995334) (xy -7.662333 3.259667) (xy -8.509 3.259667)
      (xy -8.509 5.667059) (xy -7.664984 5.667059) (xy -6.940421 5.680447) (xy -6.215858 5.693834)
      (xy -6.092429 5.832085) (xy -5.997484 5.992017) (xy -5.963432 6.173567) (xy -5.986555 6.354879)
      (xy -6.063135 6.514095) (xy -6.189453 6.62936) (xy -6.231587 6.650103) (xy -6.338673 6.677383)
      (xy -6.51137 6.69594) (xy -6.756391 6.706283) (xy -7.006166 6.708983) (xy -7.641166 6.709834)
      (xy -7.653075 6.188447) (xy -7.664984 5.667059) (xy -8.509 5.667059) (xy -8.509 7.41392)
      (xy -7.228416 7.397565)) (layer B.SilkS) (width 0.01))
    (fp_poly (pts (xy 5.867854 7.464833) (xy 6.043113 7.456356) (xy 6.178443 7.438781) (xy 6.296179 7.409289)
      (xy 6.409557 7.368657) (xy 6.680997 7.221558) (xy 6.906033 7.018475) (xy 7.073346 6.773438)
      (xy 7.171623 6.500475) (xy 7.187207 6.404618) (xy 7.207678 6.223001) (xy 7.001089 6.222633)
      (xy 6.82736 6.216759) (xy 6.636313 6.202441) (xy 6.57225 6.195569) (xy 6.441622 6.183595)
      (xy 6.374569 6.190889) (xy 6.351396 6.221384) (xy 6.35 6.239957) (xy 6.331501 6.320931)
      (xy 6.285347 6.436077) (xy 6.267445 6.472861) (xy 6.169402 6.613652) (xy 6.03631 6.706423)
      (xy 5.85477 6.756519) (xy 5.611386 6.769286) (xy 5.53051 6.766907) (xy 5.271577 6.740583)
      (xy 5.087057 6.684654) (xy 4.970762 6.595422) (xy 4.916501 6.469192) (xy 4.910667 6.39683)
      (xy 4.918119 6.297845) (xy 4.946781 6.215711) (xy 5.006117 6.144918) (xy 5.105585 6.079958)
      (xy 5.254649 6.015321) (xy 5.462768 5.945497) (xy 5.739405 5.864978) (xy 5.900023 5.820716)
      (xy 6.270046 5.709612) (xy 6.565389 5.596805) (xy 6.795972 5.477211) (xy 6.971713 5.345744)
      (xy 7.094663 5.208323) (xy 7.239832 4.938961) (xy 7.314416 4.637405) (xy 7.315948 4.321741)
      (xy 7.253555 4.04265) (xy 7.140478 3.822043) (xy 6.9646 3.611964) (xy 6.747161 3.433227)
      (xy 6.5094 3.306647) (xy 6.498167 3.302362) (xy 6.288898 3.245894) (xy 6.026066 3.206879)
      (xy 5.738075 3.186584) (xy 5.453327 3.186277) (xy 5.200226 3.207227) (xy 5.048279 3.237643)
      (xy 4.883979 3.29124) (xy 4.723457 3.354961) (xy 4.664391 3.382727) (xy 4.457232 3.529144)
      (xy 4.267544 3.738724) (xy 4.109763 3.990018) (xy 3.998329 4.261575) (xy 3.958802 4.430993)
      (xy 3.930715 4.607486) (xy 4.304274 4.636709) (xy 4.476344 4.648192) (xy 4.61698 4.653911)
      (xy 4.704278 4.653126) (xy 4.719672 4.650716) (xy 4.756367 4.604838) (xy 4.803514 4.504724)
      (xy 4.829616 4.434318) (xy 4.917569 4.233929) (xy 5.034329 4.093074) (xy 5.201396 3.986935)
      (xy 5.228167 3.974285) (xy 5.407201 3.921619) (xy 5.63119 3.897633) (xy 5.864897 3.90385)
      (xy 6.060768 3.938265) (xy 6.22313 4.017509) (xy 6.359886 4.145818) (xy 6.450815 4.299397)
      (xy 6.477 4.42809) (xy 6.468115 4.547395) (xy 6.435102 4.645542) (xy 6.368427 4.728721)
      (xy 6.258556 4.803117) (xy 6.095954 4.874917) (xy 5.871086 4.95031) (xy 5.574417 5.035481)
      (xy 5.516716 5.051226) (xy 5.188266 5.146301) (xy 4.929337 5.236178) (xy 4.72562 5.327518)
      (xy 4.562803 5.426981) (xy 4.426576 5.541229) (xy 4.39415 5.57376) (xy 4.22442 5.795949)
      (xy 4.128225 6.041738) (xy 4.098421 6.329492) (xy 4.09844 6.333819) (xy 4.139131 6.63224)
      (xy 4.255391 6.895378) (xy 4.443942 7.118799) (xy 4.70151 7.298074) (xy 4.868334 7.375043)
      (xy 4.985294 7.415793) (xy 5.104999 7.442734) (xy 5.249172 7.458489) (xy 5.43954 7.46568)
      (xy 5.630334 7.467032) (xy 5.867854 7.464833)) (layer B.SilkS) (width 0.01))
    (fp_poly (pts (xy 13.536084 3.584604) (xy 14.107834 3.503149) (xy 14.653333 3.3453) (xy 15.16601 3.116204)
      (xy 15.639296 2.821007) (xy 16.066618 2.464857) (xy 16.441408 2.0529) (xy 16.757094 1.590284)
      (xy 17.007107 1.082154) (xy 17.115682 0.780581) (xy 17.162859 0.602638) (xy 17.210525 0.375569)
      (xy 17.254028 0.12751) (xy 17.28872 -0.1134) (xy 17.309952 -0.319026) (xy 17.314334 -0.421664)
      (xy 17.275348 -0.446315) (xy 17.171419 -0.461946) (xy 17.066608 -0.465666) (xy 16.818883 -0.465666)
      (xy 16.792837 -0.127912) (xy 16.711243 0.396588) (xy 16.552814 0.895391) (xy 16.323311 1.361403)
      (xy 16.028496 1.787527) (xy 15.674133 2.166668) (xy 15.265983 2.49173) (xy 14.809808 2.755619)
      (xy 14.311371 2.951238) (xy 14.286008 2.958931) (xy 14.126827 2.998528) (xy 13.916946 3.039954)
      (xy 13.685558 3.078558) (xy 13.461856 3.109691) (xy 13.275035 3.128702) (xy 13.197417 3.13232)
      (xy 13.180225 3.170863) (xy 13.168695 3.270161) (xy 13.165667 3.37184) (xy 13.165667 3.611012)
      (xy 13.536084 3.584604)) (layer B.SilkS) (width 0.01))
    (fp_poly (pts (xy 13.479921 2.692535) (xy 13.814839 2.648604) (xy 14.11794 2.575877) (xy 14.423341 2.464484)
      (xy 14.687323 2.343319) (xy 14.887201 2.239291) (xy 15.050196 2.137083) (xy 15.203134 2.016974)
      (xy 15.372842 1.859243) (xy 15.449984 1.782651) (xy 15.789482 1.394586) (xy 16.048432 0.990698)
      (xy 16.230571 0.563211) (xy 16.339632 0.104351) (xy 16.366822 -0.125708) (xy 16.395173 -0.465666)
      (xy 15.875 -0.465666) (xy 15.875 -0.241727) (xy 15.840596 0.091371) (xy 15.740548 0.453703)
      (xy 15.601699 0.783167) (xy 15.376583 1.149785) (xy 15.086141 1.474522) (xy 14.742764 1.749101)
      (xy 14.358838 1.965242) (xy 13.946754 2.114666) (xy 13.518899 2.189095) (xy 13.495238 2.190843)
      (xy 13.165667 2.213432) (xy 13.165667 2.721012) (xy 13.479921 2.692535)) (layer B.SilkS) (width 0.01))
    (fp_poly (pts (xy 13.36675 1.735165) (xy 13.731131 1.693554) (xy 14.083393 1.577048) (xy 14.413858 1.395384)
      (xy 14.712847 1.158297) (xy 14.970682 0.875524) (xy 15.177683 0.556801) (xy 15.324172 0.211864)
      (xy 15.400471 -0.149549) (xy 15.409334 -0.319583) (xy 15.409334 -0.465666) (xy 15.1765 -0.465666)
